-1.000000000000000000e+00
-9.979979979979980431e-01
-9.959959959959959752e-01
-9.939939939939940183e-01
-9.919919919919919504e-01
-9.899899899899899935e-01
-9.879879879879880367e-01
-9.859859859859859688e-01
-9.839839839839840119e-01
-9.819819819819819440e-01
-9.799799799799799871e-01
-9.779779779779780302e-01
-9.759759759759759623e-01
-9.739739739739740054e-01
-9.719719719719719375e-01
-9.699699699699699806e-01
-9.679679679679680238e-01
-9.659659659659659559e-01
-9.639639639639639990e-01
-9.619619619619619311e-01
-9.599599599599599742e-01
-9.579579579579580173e-01
-9.559559559559559494e-01
-9.539539539539539925e-01
-9.519519519519519246e-01
-9.499499499499499677e-01
-9.479479479479478998e-01
-9.459459459459459429e-01
-9.439439439439439861e-01
-9.419419419419419182e-01
-9.399399399399399613e-01
-9.379379379379378934e-01
-9.359359359359359365e-01
-9.339339339339339796e-01
-9.319319319319319117e-01
-9.299299299299299548e-01
-9.279279279279278869e-01
-9.259259259259259300e-01
-9.239239239239238621e-01
-9.219219219219219053e-01
-9.199199199199199484e-01
-9.179179179179178805e-01
-9.159159159159159236e-01
-9.139139139139138557e-01
-9.119119119119118988e-01
-9.099099099099099419e-01
-9.079079079079078740e-01
-9.059059059059059171e-01
-9.039039039039038492e-01
-9.019019019019018923e-01
-8.998998998998999355e-01
-8.978978978978978676e-01
-8.958958958958959107e-01
-8.938938938938938428e-01
-8.918918918918918859e-01
-8.898898898898899290e-01
-8.878878878878878611e-01
-8.858858858858859042e-01
-8.838838838838838363e-01
-8.818818818818818794e-01
-8.798798798798799226e-01
-8.778778778778778547e-01
-8.758758758758758978e-01
-8.738738738738738299e-01
-8.718718718718718730e-01
-8.698698698698699161e-01
-8.678678678678678482e-01
-8.658658658658658913e-01
-8.638638638638638234e-01
-8.618618618618618665e-01
-8.598598598598599096e-01
-8.578578578578578417e-01
-8.558558558558558849e-01
-8.538538538538538170e-01
-8.518518518518518601e-01
-8.498498498498499032e-01
-8.478478478478478353e-01
-8.458458458458458784e-01
-8.438438438438438105e-01
-8.418418418418418536e-01
-8.398398398398398967e-01
-8.378378378378378288e-01
-8.358358358358358720e-01
-8.338338338338338041e-01
-8.318318318318318472e-01
-8.298298298298298903e-01
-8.278278278278278224e-01
-8.258258258258258655e-01
-8.238238238238237976e-01
-8.218218218218218407e-01
-8.198198198198198838e-01
-8.178178178178178159e-01
-8.158158158158157480e-01
-8.138138138138137911e-01
-8.118118118118118343e-01
-8.098098098098098774e-01
-8.078078078078078095e-01
-8.058058058058057416e-01
-8.038038038038037847e-01
-8.018018018018018278e-01
-7.997997997997998709e-01
-7.977977977977978030e-01
-7.957957957957957351e-01
-7.937937937937937782e-01
-7.917917917917918214e-01
-7.897897897897897534e-01
-7.877877877877877966e-01
-7.857857857857857287e-01
-7.837837837837837718e-01
-7.817817817817818149e-01
-7.797797797797797470e-01
-7.777777777777777901e-01
-7.757757757757757222e-01
-7.737737737737737653e-01
-7.717717717717718084e-01
-7.697697697697697405e-01
-7.677677677677677837e-01
-7.657657657657657158e-01
-7.637637637637637589e-01
-7.617617617617618020e-01
-7.597597597597597341e-01
-7.577577577577577772e-01
-7.557557557557557093e-01
-7.537537537537537524e-01
-7.517517517517517955e-01
-7.497497497497497276e-01
-7.477477477477477708e-01
-7.457457457457457028e-01
-7.437437437437437460e-01
-7.417417417417417891e-01
-7.397397397397397212e-01
-7.377377377377377643e-01
-7.357357357357356964e-01
-7.337337337337337395e-01
-7.317317317317317826e-01
-7.297297297297297147e-01
-7.277277277277277578e-01
-7.257257257257256899e-01
-7.237237237237237331e-01
-7.217217217217217762e-01
-7.197197197197197083e-01
-7.177177177177176404e-01
-7.157157157157156835e-01
-7.137137137137137266e-01
-7.117117117117117697e-01
-7.097097097097097018e-01
-7.077077077077076339e-01
-7.057057057057056770e-01
-7.037037037037037202e-01
-7.017017017017017633e-01
-6.996996996996996954e-01
-6.976976976976976275e-01
-6.956956956956956706e-01
-6.936936936936937137e-01
-6.916916916916917568e-01
-6.896896896896896889e-01
-6.876876876876876210e-01
-6.856856856856856641e-01
-6.836836836836837072e-01
-6.816816816816817504e-01
-6.796796796796796825e-01
-6.776776776776776146e-01
-6.756756756756756577e-01
-6.736736736736737008e-01
-6.716716716716717439e-01
-6.696696696696696760e-01
-6.676676676676676081e-01
-6.656656656656656512e-01
-6.636636636636636943e-01
-6.616616616616617375e-01
-6.596596596596596696e-01
-6.576576576576576016e-01
-6.556556556556556448e-01
-6.536536536536536879e-01
-6.516516516516517310e-01
-6.496496496496496631e-01
-6.476476476476475952e-01
-6.456456456456456383e-01
-6.436436436436436814e-01
-6.416416416416417245e-01
-6.396396396396396566e-01
-6.376376376376375887e-01
-6.356356356356356319e-01
-6.336336336336336750e-01
-6.316316316316316071e-01
-6.296296296296296502e-01
-6.276276276276275823e-01
-6.256256256256256254e-01
-6.236236236236236685e-01
-6.216216216216216006e-01
-6.196196196196196437e-01
-6.176176176176175758e-01
-6.156156156156156189e-01
-6.136136136136136621e-01
-6.116116116116115942e-01
-6.096096096096096373e-01
-6.076076076076075694e-01
-6.056056056056056125e-01
-6.036036036036036556e-01
-6.016016016016015877e-01
-5.995995995995996308e-01
-5.975975975975975629e-01
-5.955955955955956060e-01
-5.935935935935936492e-01
-5.915915915915915813e-01
-5.895895895895895134e-01
-5.875875875875875565e-01
-5.855855855855855996e-01
-5.835835835835836427e-01
-5.815815815815815748e-01
-5.795795795795795069e-01
-5.775775775775775500e-01
-5.755755755755755931e-01
-5.735735735735736363e-01
-5.715715715715715683e-01
-5.695695695695695004e-01
-5.675675675675675436e-01
-5.655655655655655867e-01
-5.635635635635636298e-01
-5.615615615615615619e-01
-5.595595595595594940e-01
-5.575575575575575371e-01
-5.555555555555555802e-01
-5.535535535535536233e-01
-5.515515515515515554e-01
-5.495495495495494875e-01
-5.475475475475475307e-01
-5.455455455455455738e-01
-5.435435435435436169e-01
-5.415415415415415490e-01
-5.395395395395394811e-01
-5.375375375375375242e-01
-5.355355355355355673e-01
-5.335335335335336104e-01
-5.315315315315315425e-01
-5.295295295295294746e-01
-5.275275275275275177e-01
-5.255255255255255609e-01
-5.235235235235236040e-01
-5.215215215215215361e-01
-5.195195195195194682e-01
-5.175175175175175113e-01
-5.155155155155155544e-01
-5.135135135135135975e-01
-5.115115115115115296e-01
-5.095095095095094617e-01
-5.075075075075075048e-01
-5.055055055055055480e-01
-5.035035035035034801e-01
-5.015015015015015232e-01
-4.994994994994994553e-01
-4.974974974974974984e-01
-4.954954954954955415e-01
-4.934934934934934736e-01
-4.914914914914915167e-01
-4.894894894894894488e-01
-4.874874874874874919e-01
-4.854854854854855351e-01
-4.834834834834834671e-01
-4.814814814814815103e-01
-4.794794794794794424e-01
-4.774774774774774855e-01
-4.754754754754755286e-01
-4.734734734734734607e-01
-4.714714714714715038e-01
-4.694694694694694359e-01
-4.674674674674674790e-01
-4.654654654654655221e-01
-4.634634634634634542e-01
-4.614614614614614974e-01
-4.594594594594594295e-01
-4.574574574574574726e-01
-4.554554554554555157e-01
-4.534534534534534478e-01
-4.514514514514514909e-01
-4.494494494494494230e-01
-4.474474474474474661e-01
-4.454454454454453982e-01
-4.434434434434434413e-01
-4.414414414414414845e-01
-4.394394394394394165e-01
-4.374374374374374597e-01
-4.354354354354353918e-01
-4.334334334334334349e-01
-4.314314314314314780e-01
-4.294294294294294101e-01
-4.274274274274274532e-01
-4.254254254254253853e-01
-4.234234234234234284e-01
-4.214214214214214715e-01
-4.194194194194194036e-01
-4.174174174174174468e-01
-4.154154154154153789e-01
-4.134134134134134220e-01
-4.114114114114114651e-01
-4.094094094094093972e-01
-4.074074074074074403e-01
-4.054054054054053724e-01
-4.034034034034034155e-01
-4.014014014014014586e-01
-3.993993993993993907e-01
-3.973973973973974338e-01
-3.953953953953953659e-01
-3.933933933933934091e-01
-3.913913913913913412e-01
-3.893893893893893843e-01
-3.873873873873874274e-01
-3.853853853853853595e-01
-3.833833833833834026e-01
-3.813813813813813347e-01
-3.793793793793793778e-01
-3.773773773773774209e-01
-3.753753753753753530e-01
-3.733733733733733962e-01
-3.713713713713713283e-01
-3.693693693693693714e-01
-3.673673673673674145e-01
-3.653653653653653466e-01
-3.633633633633633897e-01
-3.613613613613613218e-01
-3.593593593593593649e-01
-3.573573573573574080e-01
-3.553553553553553401e-01
-3.533533533533533832e-01
-3.513513513513513153e-01
-3.493493493493493585e-01
-3.473473473473474016e-01
-3.453453453453453337e-01
-3.433433433433433768e-01
-3.413413413413413089e-01
-3.393393393393393520e-01
-3.373373373373373951e-01
-3.353353353353353272e-01
-3.333333333333333703e-01
-3.313313313313313024e-01
-3.293293293293293456e-01
-3.273273273273273887e-01
-3.253253253253253208e-01
-3.233233233233233639e-01
-3.213213213213212960e-01
-3.193193193193193391e-01
-3.173173173173172712e-01
-3.153153153153153143e-01
-3.133133133133133574e-01
-3.113113113113112895e-01
-3.093093093093093326e-01
-3.073073073073072647e-01
-3.053053053053053079e-01
-3.033033033033033510e-01
-3.013013013013012831e-01
-2.992992992992993262e-01
-2.972972972972972583e-01
-2.952952952952953014e-01
-2.932932932932933445e-01
-2.912912912912912766e-01
-2.892892892892893197e-01
-2.872872872872872518e-01
-2.852852852852852950e-01
-2.832832832832833381e-01
-2.812812812812812702e-01
-2.792792792792793133e-01
-2.772772772772772454e-01
-2.752752752752752885e-01
-2.732732732732733316e-01
-2.712712712712712637e-01
-2.692692692692693068e-01
-2.672672672672672389e-01
-2.652652652652652820e-01
-2.632632632632632141e-01
-2.612612612612612573e-01
-2.592592592592593004e-01
-2.572572572572572325e-01
-2.552552552552552756e-01
-2.532532532532532077e-01
-2.512512512512512508e-01
-2.492492492492492939e-01
-2.472472472472472260e-01
-2.452452452452452691e-01
-2.432432432432432012e-01
-2.412412412412412444e-01
-2.392392392392392875e-01
-2.372372372372372196e-01
-2.352352352352352627e-01
-2.332332332332331948e-01
-2.312312312312312379e-01
-2.292292292292292810e-01
-2.272272272272272131e-01
-2.252252252252252562e-01
-2.232232232232231883e-01
-2.212212212212212314e-01
-2.192192192192192746e-01
-2.172172172172172067e-01
-2.152152152152152498e-01
-2.132132132132131819e-01
-2.112112112112112250e-01
-2.092092092092092681e-01
-2.072072072072072002e-01
-2.052052052052052433e-01
-2.032032032032031754e-01
-2.012012012012012185e-01
-1.991991991991992617e-01
-1.971971971971971938e-01
-1.951951951951952369e-01
-1.931931931931931690e-01
-1.911911911911912121e-01
-1.891891891891891442e-01
-1.871871871871871873e-01
-1.851851851851852304e-01
-1.831831831831831625e-01
-1.811811811811812056e-01
-1.791791791791791377e-01
-1.771771771771771808e-01
-1.751751751751752240e-01
-1.731731731731731561e-01
-1.711711711711711992e-01
-1.691691691691691313e-01
-1.671671671671671744e-01
-1.651651651651652175e-01
-1.631631631631631496e-01
-1.611611611611611927e-01
-1.591591591591591248e-01
-1.571571571571571679e-01
-1.551551551551552111e-01
-1.531531531531531432e-01
-1.511511511511511863e-01
-1.491491491491491184e-01
-1.471471471471471615e-01
-1.451451451451452046e-01
-1.431431431431431367e-01
-1.411411411411411798e-01
-1.391391391391391119e-01
-1.371371371371371550e-01
-1.351351351351350871e-01
-1.331331331331331302e-01
-1.311311311311311734e-01
-1.291291291291291055e-01
-1.271271271271271486e-01
-1.251251251251250807e-01
-1.231231231231231238e-01
-1.211211211211211669e-01
-1.191191191191190990e-01
-1.171171171171171421e-01
-1.151151151151150742e-01
-1.131131131131131173e-01
-1.111111111111111605e-01
-1.091091091091090926e-01
-1.071071071071071357e-01
-1.051051051051050678e-01
-1.031031031031031109e-01
-1.011011011011011540e-01
-9.909909909909908610e-02
-9.709709709709712921e-02
-9.509509509509506131e-02
-9.309309309309310443e-02
-9.109109109109114755e-02
-8.908908908908907964e-02
-8.708708708708712276e-02
-8.508508508508505486e-02
-8.308308308308309797e-02
-8.108108108108114109e-02
-7.907907907907907319e-02
-7.707707707707711631e-02
-7.507507507507504840e-02
-7.307307307307309152e-02
-7.107107107107113464e-02
-6.906906906906906674e-02
-6.706706706706710985e-02
-6.506506506506504195e-02
-6.306306306306308507e-02
-6.106106106106101716e-02
-5.905905905905906028e-02
-5.705705705705710340e-02
-5.505505505505503550e-02
-5.305305305305307861e-02
-5.105105105105101071e-02
-4.904904904904905383e-02
-4.704704704704709695e-02
-4.504504504504502904e-02
-4.304304304304307216e-02
-4.104104104104100426e-02
-3.903903903903904737e-02
-3.703703703703709049e-02
-3.503503503503502259e-02
-3.303303303303306571e-02
-3.103103103103099780e-02
-2.902902902902904092e-02
-2.702702702702708404e-02
-2.502502502502501613e-02
-2.302302302302305925e-02
-2.102102102102099135e-02
-1.901901901901903447e-02
-1.701701701701707758e-02
-1.501501501501500968e-02
-1.301301301301305280e-02
-1.101101101101098489e-02
-9.009009009009028013e-03
-7.007007007006960109e-03
-5.005005005005003227e-03
-3.003003003003046345e-03
-1.001001001000978441e-03
1.001001001001089463e-03
3.003003003003046345e-03
5.005005005005003227e-03
7.007007007006960109e-03
9.009009009008916991e-03
1.101101101101109592e-02
1.301301301301305280e-02
1.501501501501500968e-02
1.701701701701696656e-02
1.901901901901892344e-02
2.102102102102110237e-02
2.302302302302305925e-02
2.502502502502501613e-02
2.702702702702697302e-02
2.902902902902892990e-02
3.103103103103110882e-02
3.303303303303306571e-02
3.503503503503502259e-02
3.703703703703697947e-02
3.903903903903893635e-02
4.104104104104111528e-02
4.304304304304307216e-02
4.504504504504502904e-02
4.704704704704698592e-02
4.904904904904894281e-02
5.105105105105112173e-02
5.305305305305307861e-02
5.505505505505503550e-02
5.705705705705699238e-02
5.905905905905894926e-02
6.106106106106112819e-02
6.306306306306308507e-02
6.506506506506504195e-02
6.706706706706699883e-02
6.906906906906895571e-02
7.107107107107113464e-02
7.307307307307309152e-02
7.507507507507504840e-02
7.707707707707700528e-02
7.907907907907896217e-02
8.108108108108114109e-02
8.308308308308309797e-02
8.508508508508505486e-02
8.708708708708701174e-02
8.908908908908896862e-02
9.109109109109114755e-02
9.309309309309310443e-02
9.509509509509506131e-02
9.709709709709701819e-02
9.909909909909919712e-02
1.011011011011011540e-01
1.031031031031031109e-01
1.051051051051050678e-01
1.071071071071070246e-01
1.091091091091092036e-01
1.111111111111111605e-01
1.131131131131131173e-01
1.151151151151150742e-01
1.171171171171170311e-01
1.191191191191192100e-01
1.211211211211211669e-01
1.231231231231231238e-01
1.251251251251250807e-01
1.271271271271270376e-01
1.291291291291292165e-01
1.311311311311311734e-01
1.331331331331331302e-01
1.351351351351350871e-01
1.371371371371370440e-01
1.391391391391392229e-01
1.411411411411411798e-01
1.431431431431431367e-01
1.451451451451450936e-01
1.471471471471470505e-01
1.491491491491492294e-01
1.511511511511511863e-01
1.531531531531531432e-01
1.551551551551551000e-01
1.571571571571570569e-01
1.591591591591592358e-01
1.611611611611611927e-01
1.631631631631631496e-01
1.651651651651651065e-01
1.671671671671670634e-01
1.691691691691692423e-01
1.711711711711711992e-01
1.731731731731731561e-01
1.751751751751751129e-01
1.771771771771770698e-01
1.791791791791792487e-01
1.811811811811812056e-01
1.831831831831831625e-01
1.851851851851851194e-01
1.871871871871870763e-01
1.891891891891892552e-01
1.911911911911912121e-01
1.931931931931931690e-01
1.951951951951951258e-01
1.971971971971970827e-01
1.991991991991992617e-01
2.012012012012012185e-01
2.032032032032031754e-01
2.052052052052051323e-01
2.072072072072070892e-01
2.092092092092092681e-01
2.112112112112112250e-01
2.132132132132131819e-01
2.152152152152151388e-01
2.172172172172173177e-01
2.192192192192192746e-01
2.212212212212212314e-01
2.232232232232231883e-01
2.252252252252251452e-01
2.272272272272273241e-01
2.292292292292292810e-01
2.312312312312312379e-01
2.332332332332331948e-01
2.352352352352351517e-01
2.372372372372373306e-01
2.392392392392392875e-01
2.412412412412412444e-01
2.432432432432432012e-01
2.452452452452451581e-01
2.472472472472473370e-01
2.492492492492492939e-01
2.512512512512512508e-01
2.532532532532532077e-01
2.552552552552551646e-01
2.572572572572573435e-01
2.592592592592593004e-01
2.612612612612612573e-01
2.632632632632632141e-01
2.652652652652651710e-01
2.672672672672673500e-01
2.692692692692693068e-01
2.712712712712712637e-01
2.732732732732732206e-01
2.752752752752751775e-01
2.772772772772773564e-01
2.792792792792793133e-01
2.812812812812812702e-01
2.832832832832832270e-01
2.852852852852851839e-01
2.872872872872873629e-01
2.892892892892893197e-01
2.912912912912912766e-01
2.932932932932932335e-01
2.952952952952951904e-01
2.972972972972973693e-01
2.992992992992993262e-01
3.013013013013012831e-01
3.033033033033032400e-01
3.053053053053051968e-01
3.073073073073073758e-01
3.093093093093093326e-01
3.113113113113112895e-01
3.133133133133132464e-01
3.153153153153152033e-01
3.173173173173173822e-01
3.193193193193193391e-01
3.213213213213212960e-01
3.233233233233232529e-01
3.253253253253252097e-01
3.273273273273273887e-01
3.293293293293293456e-01
3.313313313313313024e-01
3.333333333333332593e-01
3.353353353353352162e-01
3.373373373373373951e-01
3.393393393393393520e-01
3.413413413413413089e-01
3.433433433433432658e-01
3.453453453453452227e-01
3.473473473473474016e-01
3.493493493493493585e-01
3.513513513513513153e-01
3.533533533533532722e-01
3.553553553553554512e-01
3.573573573573574080e-01
3.593593593593593649e-01
3.613613613613613218e-01
3.633633633633632787e-01
3.653653653653654576e-01
3.673673673673674145e-01
3.693693693693693714e-01
3.713713713713713283e-01
3.733733733733732851e-01
3.753753753753754641e-01
3.773773773773774209e-01
3.793793793793793778e-01
3.813813813813813347e-01
3.833833833833832916e-01
3.853853853853854705e-01
3.873873873873874274e-01
3.893893893893893843e-01
3.913913913913913412e-01
3.933933933933932980e-01
3.953953953953954770e-01
3.973973973973974338e-01
3.993993993993993907e-01
4.014014014014013476e-01
4.034034034034033045e-01
4.054054054054054834e-01
4.074074074074074403e-01
4.094094094094093972e-01
4.114114114114113541e-01
4.134134134134133109e-01
4.154154154154154899e-01
4.174174174174174468e-01
4.194194194194194036e-01
4.214214214214213605e-01
4.234234234234233174e-01
4.254254254254254963e-01
4.274274274274274532e-01
4.294294294294294101e-01
4.314314314314313670e-01
4.334334334334333239e-01
4.354354354354355028e-01
4.374374374374374597e-01
4.394394394394394165e-01
4.414414414414413734e-01
4.434434434434433303e-01
4.454454454454455092e-01
4.474474474474474661e-01
4.494494494494494230e-01
4.514514514514513799e-01
4.534534534534533368e-01
4.554554554554555157e-01
4.574574574574574726e-01
4.594594594594594295e-01
4.614614614614613863e-01
4.634634634634633432e-01
4.654654654654655221e-01
4.674674674674674790e-01
4.694694694694694359e-01
4.714714714714713928e-01
4.734734734734735717e-01
4.754754754754755286e-01
4.774774774774774855e-01
4.794794794794794424e-01
4.814814814814813992e-01
4.834834834834835782e-01
4.854854854854855351e-01
4.874874874874874919e-01
4.894894894894894488e-01
4.914914914914914057e-01
4.934934934934935846e-01
4.954954954954955415e-01
4.974974974974974984e-01
4.994994994994994553e-01
5.015015015015014122e-01
5.035035035035035911e-01
5.055055055055055480e-01
5.075075075075075048e-01
5.095095095095094617e-01
5.115115115115114186e-01
5.135135135135135975e-01
5.155155155155155544e-01
5.175175175175175113e-01
5.195195195195194682e-01
5.215215215215214251e-01
5.235235235235236040e-01
5.255255255255255609e-01
5.275275275275275177e-01
5.295295295295294746e-01
5.315315315315314315e-01
5.335335335335336104e-01
5.355355355355355673e-01
5.375375375375375242e-01
5.395395395395394811e-01
5.415415415415414380e-01
5.435435435435436169e-01
5.455455455455455738e-01
5.475475475475475307e-01
5.495495495495494875e-01
5.515515515515514444e-01
5.535535535535536233e-01
5.555555555555555802e-01
5.575575575575575371e-01
5.595595595595594940e-01
5.615615615615614509e-01
5.635635635635636298e-01
5.655655655655655867e-01
5.675675675675675436e-01
5.695695695695695004e-01
5.715715715715714573e-01
5.735735735735736363e-01
5.755755755755755931e-01
5.775775775775775500e-01
5.795795795795795069e-01
5.815815815815814638e-01
5.835835835835836427e-01
5.855855855855855996e-01
5.875875875875875565e-01
5.895895895895895134e-01
5.915915915915914702e-01
5.935935935935936492e-01
5.955955955955956060e-01
5.975975975975975629e-01
5.995995995995995198e-01
6.016016016016014767e-01
6.036036036036036556e-01
6.056056056056056125e-01
6.076076076076075694e-01
6.096096096096095263e-01
6.116116116116117052e-01
6.136136136136136621e-01
6.156156156156156189e-01
6.176176176176175758e-01
6.196196196196195327e-01
6.216216216216217116e-01
6.236236236236236685e-01
6.256256256256256254e-01
6.276276276276275823e-01
6.296296296296295392e-01
6.316316316316317181e-01
6.336336336336336750e-01
6.356356356356356319e-01
6.376376376376375887e-01
6.396396396396395456e-01
6.416416416416417245e-01
6.436436436436436814e-01
6.456456456456456383e-01
6.476476476476475952e-01
6.496496496496495521e-01
6.516516516516517310e-01
6.536536536536536879e-01
6.556556556556556448e-01
6.576576576576576016e-01
6.596596596596595585e-01
6.616616616616617375e-01
6.636636636636636943e-01
6.656656656656656512e-01
6.676676676676676081e-01
6.696696696696695650e-01
6.716716716716717439e-01
6.736736736736737008e-01
6.756756756756756577e-01
6.776776776776776146e-01
6.796796796796795714e-01
6.816816816816817504e-01
6.836836836836837072e-01
6.856856856856856641e-01
6.876876876876876210e-01
6.896896896896895779e-01
6.916916916916917568e-01
6.936936936936937137e-01
6.956956956956956706e-01
6.976976976976976275e-01
6.996996996996995843e-01
7.017017017017017633e-01
7.037037037037037202e-01
7.057057057057056770e-01
7.077077077077076339e-01
7.097097097097095908e-01
7.117117117117117697e-01
7.137137137137137266e-01
7.157157157157156835e-01
7.177177177177176404e-01
7.197197197197195973e-01
7.217217217217217762e-01
7.237237237237237331e-01
7.257257257257256899e-01
7.277277277277276468e-01
7.297297297297298257e-01
7.317317317317317826e-01
7.337337337337337395e-01
7.357357357357356964e-01
7.377377377377376533e-01
7.397397397397398322e-01
7.417417417417417891e-01
7.437437437437437460e-01
7.457457457457457028e-01
7.477477477477476597e-01
7.497497497497498387e-01
7.517517517517517955e-01
7.537537537537537524e-01
7.557557557557557093e-01
7.577577577577576662e-01
7.597597597597598451e-01
7.617617617617618020e-01
7.637637637637637589e-01
7.657657657657657158e-01
7.677677677677676726e-01
7.697697697697698516e-01
7.717717717717718084e-01
7.737737737737737653e-01
7.757757757757757222e-01
7.777777777777776791e-01
7.797797797797798580e-01
7.817817817817818149e-01
7.837837837837837718e-01
7.857857857857857287e-01
7.877877877877876855e-01
7.897897897897898645e-01
7.917917917917918214e-01
7.937937937937937782e-01
7.957957957957957351e-01
7.977977977977976920e-01
7.997997997997998709e-01
8.018018018018018278e-01
8.038038038038037847e-01
8.058058058058057416e-01
8.078078078078076985e-01
8.098098098098098774e-01
8.118118118118118343e-01
8.138138138138137911e-01
8.158158158158157480e-01
8.178178178178177049e-01
8.198198198198198838e-01
8.218218218218218407e-01
8.238238238238237976e-01
8.258258258258257545e-01
8.278278278278277114e-01
8.298298298298298903e-01
8.318318318318318472e-01
8.338338338338338041e-01
8.358358358358357609e-01
8.378378378378377178e-01
8.398398398398398967e-01
8.418418418418418536e-01
8.438438438438438105e-01
8.458458458458457674e-01
8.478478478478477243e-01
8.498498498498499032e-01
8.518518518518518601e-01
8.538538538538538170e-01
8.558558558558557738e-01
8.578578578578577307e-01
8.598598598598599096e-01
8.618618618618618665e-01
8.638638638638638234e-01
8.658658658658657803e-01
8.678678678678679592e-01
8.698698698698699161e-01
8.718718718718718730e-01
8.738738738738738299e-01
8.758758758758757867e-01
8.778778778778779657e-01
8.798798798798799226e-01
8.818818818818818794e-01
8.838838838838838363e-01
8.858858858858857932e-01
8.878878878878879721e-01
8.898898898898899290e-01
8.918918918918918859e-01
8.938938938938938428e-01
8.958958958958957997e-01
8.978978978978979786e-01
8.998998998998999355e-01
9.019019019019018923e-01
9.039039039039038492e-01
9.059059059059058061e-01
9.079079079079079850e-01
9.099099099099099419e-01
9.119119119119118988e-01
9.139139139139138557e-01
9.159159159159158126e-01
9.179179179179179915e-01
9.199199199199199484e-01
9.219219219219219053e-01
9.239239239239238621e-01
9.259259259259258190e-01
9.279279279279279979e-01
9.299299299299299548e-01
9.319319319319319117e-01
9.339339339339338686e-01
9.359359359359358255e-01
9.379379379379380044e-01
9.399399399399399613e-01
9.419419419419419182e-01
9.439439439439438750e-01
9.459459459459458319e-01
9.479479479479480108e-01
9.499499499499499677e-01
9.519519519519519246e-01
9.539539539539538815e-01
9.559559559559558384e-01
9.579579579579580173e-01
9.599599599599599742e-01
9.619619619619619311e-01
9.639639639639638879e-01
9.659659659659658448e-01
9.679679679679680238e-01
9.699699699699699806e-01
9.719719719719719375e-01
9.739739739739738944e-01
9.759759759759758513e-01
9.779779779779780302e-01
9.799799799799799871e-01
9.819819819819819440e-01
9.839839839839839009e-01
9.859859859859860798e-01
9.879879879879880367e-01
9.899899899899899935e-01
9.919919919919919504e-01
9.939939939939939073e-01
9.959959959959960862e-01
9.979979979979980431e-01
1.000000000000000000e+00
